121000000 173
263560000 429
270040000 174
294340000 430
300820000 173
300840000 182
414220000 429
414240000 438
420700000 172
445000000 428
451480000 173
621580000 429
628060000 172
673420000 428
676660000 173
741460000 429
744700000 163
749560000 419
757660000 163
762520000 419
770620000 163
775480000 419
783580000 163
788440000 419
796540000 163
801400000 419
809500000 163
814360000 419
822460000 163
827320000 419
835420000 163
840280000 419
848380000 163
853240000 419
861340000 163
866200000 419
874300000 173
874320000 182
922900000 429
922920000 438
926140000 172
939100000 428
942340000 174
981220000 430
984460000 162
989320000 418
1008760000 162
1013620000 418
1033060000 162
1037920000 418
1057360000 162
1062220000 418
1081660000 162
1086520000 418
1105960000 162
1110820000 418
1130260000 173
1139980000 429
